0.000000 0.000000
0.000000 0.000000
0.000000 0.000000
0.000000 0.000000
0.000000 0.000000
0.000000 0.000000
1.666667 0.000000
1.666667 0.000000
1.666667 0.000000
2.500000 1.443376
2.500000 1.443376
2.500000 1.443376
3.333333 -0.000000
3.333333 -0.000000
3.333333 -0.000000
5.000000 -0.000000
5.000000 -0.000000
5.000000 -0.000000
5.000000 -0.000000
5.000000 -0.000000
5.833333 1.443376
5.833333 1.443376
5.833333 1.443376
5.000000 2.886751
5.000000 2.886751
5.000000 2.886751
6.666667 2.886751
6.666667 2.886751
6.666667 2.886751
7.500000 4.330127
7.500000 4.330127
7.500000 4.330127
7.500000 4.330127
7.500000 4.330127
8.333333 2.886751
8.333333 2.886751
8.333333 2.886751
10.000000 2.886751
10.000000 2.886751
10.000000 2.886751
9.166667 1.443376
9.166667 1.443376
9.166667 1.443376
10.000000 -0.000000
10.000000 -0.000000
10.000000 -0.000000
10.000000 -0.000000
10.000000 -0.000000
11.666667 -0.000000
11.666667 -0.000000
11.666667 -0.000000
12.500000 1.443376
12.500000 1.443376
12.500000 1.443376
13.333333 -0.000000
13.333333 -0.000000
13.333333 -0.000000
15.000000 -0.000000
15.000000 -0.000000
15.000000 -0.000000
15.000000 -0.000000
15.000000 -0.000000
15.000000 -0.000000
15.000000 -0.000000
15.833333 1.443376
15.833333 1.443376
15.833333 1.443376
15.000000 2.886751
15.000000 2.886751
15.000000 2.886751
16.666666 2.886751
16.666666 2.886751
16.666666 2.886751
17.500000 4.330127
17.500000 4.330127
17.500000 4.330127
17.500000 4.330127
17.500000 4.330127
16.666666 5.773502
16.666666 5.773502
16.666666 5.773502
14.999999 5.773502
14.999999 5.773502
14.999999 5.773502
15.833332 7.216878
15.833332 7.216878
15.833332 7.216878
14.999999 8.660254
14.999999 8.660254
14.999999 8.660254
14.999999 8.660254
14.999999 8.660254
16.666666 8.660254
16.666666 8.660254
16.666666 8.660254
17.500000 10.103629
17.500000 10.103629
17.500000 10.103629
18.333334 8.660254
18.333334 8.660254
18.333334 8.660254
20.000000 8.660254
20.000000 8.660254
20.000000 8.660254
20.000000 8.660254
20.000000 8.660254
20.833334 10.103629
20.833334 10.103629
20.833334 10.103629
20.000000 11.547005
20.000000 11.547005
20.000000 11.547005
21.666666 11.547005
21.666666 11.547005
21.666666 11.547005
22.500000 12.990380
22.500000 12.990380
22.500000 12.990380
22.500000 12.990380
22.500000 12.990380
22.500000 12.990380
22.500000 12.990380
23.333334 11.547005
23.333334 11.547005
23.333334 11.547005
25.000000 11.547005
25.000000 11.547005
25.000000 11.547005
24.166666 10.103629
24.166666 10.103629
24.166666 10.103629
25.000000 8.660254
25.000000 8.660254
25.000000 8.660254
25.000000 8.660254
25.000000 8.660254
26.666666 8.660254
26.666666 8.660254
26.666666 8.660254
27.500000 10.103629
27.500000 10.103629
27.500000 10.103629
28.333334 8.660254
28.333334 8.660254
28.333334 8.660254
30.000000 8.660254
30.000000 8.660254
30.000000 8.660254
30.000000 8.660254
30.000000 8.660254
29.166666 7.216878
29.166666 7.216878
29.166666 7.216878
30.000000 5.773502
30.000000 5.773502
30.000000 5.773502
28.333334 5.773502
28.333334 5.773502
28.333334 5.773502
27.500000 4.330127
27.500000 4.330127
27.500000 4.330127
27.500000 4.330127
27.500000 4.330127
28.333334 2.886751
28.333334 2.886751
28.333334 2.886751
30.000000 2.886751
30.000000 2.886751
30.000000 2.886751
29.166666 1.443376
29.166666 1.443376
29.166666 1.443376
30.000000 -0.000000
30.000000 -0.000000
30.000000 -0.000000
30.000000 -0.000000
30.000000 -0.000000
30.000000 -0.000000
30.000000 -0.000000
31.666666 -0.000000
31.666666 -0.000000
31.666666 -0.000000
32.500000 1.443376
32.500000 1.443376
32.500000 1.443376
33.333332 -0.000000
33.333332 -0.000000
33.333332 -0.000000
35.000000 -0.000000
35.000000 -0.000000
35.000000 -0.000000
35.000000 -0.000000
35.000000 -0.000000
35.833332 1.443376
35.833332 1.443376
35.833332 1.443376
35.000000 2.886751
35.000000 2.886751
35.000000 2.886751
36.666668 2.886751
36.666668 2.886751
36.666668 2.886751
37.500000 4.330127
37.500000 4.330127
37.500000 4.330127
37.500000 4.330127
37.500000 4.330127
38.333332 2.886751
38.333332 2.886751
38.333332 2.886751
40.000000 2.886751
40.000000 2.886751
40.000000 2.886751
39.166668 1.443376
39.166668 1.443376
39.166668 1.443376
40.000000 -0.000000
40.000000 -0.000000
40.000000 -0.000000
40.000000 -0.000000
40.000000 -0.000000
41.666668 -0.000000
41.666668 -0.000000
41.666668 -0.000000
42.500000 1.443376
42.500000 1.443376
42.500000 1.443376
43.333332 -0.000000
43.333332 -0.000000
43.333332 -0.000000
45.000000 -0.000000
45.000000 -0.000000
45.000000 -0.000000
45.000000 -0.000000
45.000000 -0.000000
45.000000 -0.000000
45.000000 -0.000000
45.000000 -0.000000
45.000000 -0.000000
45.833332 1.443376
45.833332 1.443376
45.833332 1.443376
45.000000 2.886751
45.000000 2.886751
45.000000 2.886751
46.666668 2.886751
46.666668 2.886751
46.666668 2.886751
47.500000 4.330127
47.500000 4.330127
47.500000 4.330127
47.500000 4.330127
47.500000 4.330127
46.666668 5.773502
46.666668 5.773502
46.666668 5.773502
45.000000 5.773502
45.000000 5.773502
45.000000 5.773502
45.833332 7.216878
45.833332 7.216878
45.833332 7.216878
45.000000 8.660254
45.000000 8.660254
45.000000 8.660254
45.000000 8.660254
45.000000 8.660254
46.666668 8.660254
46.666668 8.660254
46.666668 8.660254
47.500000 10.103629
47.500000 10.103629
47.500000 10.103629
48.333332 8.660254
48.333332 8.660254
48.333332 8.660254
50.000000 8.660254
50.000000 8.660254
50.000000 8.660254
50.000000 8.660254
50.000000 8.660254
50.833332 10.103629
50.833332 10.103629
50.833332 10.103629
50.000000 11.547005
50.000000 11.547005
50.000000 11.547005
51.666668 11.547005
51.666668 11.547005
51.666668 11.547005
52.500000 12.990380
52.500000 12.990380
52.500000 12.990380
52.500000 12.990380
52.500000 12.990380
52.500000 12.990380
52.500000 12.990380
51.666668 14.433756
51.666668 14.433756
51.666668 14.433756
50.000000 14.433756
50.000000 14.433756
50.000000 14.433756
50.833332 15.877131
50.833332 15.877131
50.833332 15.877131
50.000000 17.320507
50.000000 17.320507
50.000000 17.320507
50.000000 17.320507
50.000000 17.320507
48.333332 17.320507
48.333332 17.320507
48.333332 17.320507
47.500000 15.877131
47.500000 15.877131
47.500000 15.877131
46.666668 17.320507
46.666668 17.320507
46.666668 17.320507
45.000000 17.320507
45.000000 17.320507
45.000000 17.320507
45.000000 17.320507
45.000000 17.320507
45.833332 18.763884
45.833332 18.763884
45.833332 18.763884
45.000000 20.207260
45.000000 20.207260
45.000000 20.207260
46.666668 20.207260
46.666668 20.207260
46.666668 20.207260
47.500000 21.650637
47.500000 21.650637
47.500000 21.650637
47.500000 21.650637
47.500000 21.650637
46.666668 23.094013
46.666668 23.094013
46.666668 23.094013
45.000000 23.094013
45.000000 23.094013
45.000000 23.094013
45.833332 24.537390
45.833332 24.537390
45.833332 24.537390
45.000000 25.980766
45.000000 25.980766
45.000000 25.980766
45.000000 25.980766
45.000000 25.980766
45.000000 25.980766
45.000000 25.980766
46.666668 25.980766
46.666668 25.980766
46.666668 25.980766
47.500000 27.424143
47.500000 27.424143
47.500000 27.424143
48.333332 25.980766
48.333332 25.980766
48.333332 25.980766
50.000000 25.980766
50.000000 25.980766
50.000000 25.980766
50.000000 25.980766
50.000000 25.980766
50.833332 27.424143
50.833332 27.424143
50.833332 27.424143
50.000000 28.867519
50.000000 28.867519
50.000000 28.867519
51.666668 28.867519
51.666668 28.867519
51.666668 28.867519
52.500000 30.310896
52.500000 30.310896
52.500000 30.310896
52.500000 30.310896
52.500000 30.310896
53.333332 28.867519
53.333332 28.867519
53.333332 28.867519
55.000000 28.867519
55.000000 28.867519
55.000000 28.867519
54.166668 27.424143
54.166668 27.424143
54.166668 27.424143
55.000000 25.980766
55.000000 25.980766
55.000000 25.980766
55.000000 25.980766
55.000000 25.980766
56.666668 25.980766
56.666668 25.980766
56.666668 25.980766
57.500000 27.424143
57.500000 27.424143
57.500000 27.424143
58.333332 25.980766
58.333332 25.980766
58.333332 25.980766
60.000000 25.980766
60.000000 25.980766
60.000000 25.980766
60.000000 25.980766
60.000000 25.980766
60.000000 25.980766
60.000000 25.980766
60.833332 27.424143
60.833332 27.424143
60.833332 27.424143
60.000000 28.867519
60.000000 28.867519
60.000000 28.867519
61.666668 28.867519
61.666668 28.867519
61.666668 28.867519
62.500000 30.310896
62.500000 30.310896
62.500000 30.310896
62.500000 30.310896
62.500000 30.310896
61.666668 31.754272
61.666668 31.754272
61.666668 31.754272
60.000000 31.754272
60.000000 31.754272
60.000000 31.754272
60.833332 33.197647
60.833332 33.197647
60.833332 33.197647
60.000000 34.641022
60.000000 34.641022
60.000000 34.641022
60.000000 34.641022
60.000000 34.641022
61.666668 34.641022
61.666668 34.641022
61.666668 34.641022
62.500000 36.084396
62.500000 36.084396
62.500000 36.084396
63.333332 34.641022
63.333332 34.641022
63.333332 34.641022
65.000000 34.641022
65.000000 34.641022
65.000000 34.641022
65.000000 34.641022
65.000000 34.641022
65.833336 36.084396
65.833336 36.084396
65.833336 36.084396
65.000000 37.527771
65.000000 37.527771
65.000000 37.527771
66.666664 37.527771
66.666664 37.527771
66.666664 37.527771
67.500000 38.971146
67.500000 38.971146
67.500000 38.971146
67.500000 38.971146
67.500000 38.971146
67.500000 38.971146
67.500000 38.971146
67.500000 38.971146
67.500000 38.971146
68.333336 37.527771
68.333336 37.527771
68.333336 37.527771
70.000000 37.527771
70.000000 37.527771
70.000000 37.527771
69.166664 36.084396
69.166664 36.084396
69.166664 36.084396
70.000000 34.641022
70.000000 34.641022
70.000000 34.641022
70.000000 34.641022
70.000000 34.641022
71.666664 34.641022
71.666664 34.641022
71.666664 34.641022
72.500000 36.084396
72.500000 36.084396
72.500000 36.084396
73.333336 34.641022
73.333336 34.641022
73.333336 34.641022
75.000000 34.641022
75.000000 34.641022
75.000000 34.641022
75.000000 34.641022
75.000000 34.641022
74.166664 33.197647
74.166664 33.197647
74.166664 33.197647
75.000000 31.754271
75.000000 31.754271
75.000000 31.754271
73.333336 31.754271
73.333336 31.754271
73.333336 31.754271
72.500000 30.310894
72.500000 30.310894
72.500000 30.310894
72.500000 30.310894
72.500000 30.310894
73.333336 28.867517
73.333336 28.867517
73.333336 28.867517
75.000000 28.867517
75.000000 28.867517
75.000000 28.867517
74.166664 27.424141
74.166664 27.424141
74.166664 27.424141
75.000000 25.980764
75.000000 25.980764
75.000000 25.980764
75.000000 25.980764
75.000000 25.980764
75.000000 25.980764
75.000000 25.980764
76.666664 25.980764
76.666664 25.980764
76.666664 25.980764
77.500000 27.424141
77.500000 27.424141
77.500000 27.424141
78.333336 25.980764
78.333336 25.980764
78.333336 25.980764
80.000000 25.980764
80.000000 25.980764
80.000000 25.980764
80.000000 25.980764
80.000000 25.980764
80.833336 27.424141
80.833336 27.424141
80.833336 27.424141
80.000000 28.867517
80.000000 28.867517
80.000000 28.867517
81.666664 28.867517
81.666664 28.867517
81.666664 28.867517
82.500000 30.310894
82.500000 30.310894
82.500000 30.310894
82.500000 30.310894
82.500000 30.310894
83.333336 28.867517
83.333336 28.867517
83.333336 28.867517
85.000000 28.867517
85.000000 28.867517
85.000000 28.867517
84.166664 27.424141
84.166664 27.424141
84.166664 27.424141
85.000000 25.980764
85.000000 25.980764
85.000000 25.980764
85.000000 25.980764
85.000000 25.980764
86.666664 25.980764
86.666664 25.980764
86.666664 25.980764
87.500000 27.424141
87.500000 27.424141
87.500000 27.424141
88.333336 25.980764
88.333336 25.980764
88.333336 25.980764
90.000000 25.980764
90.000000 25.980764
90.000000 25.980764
90.000000 25.980764
90.000000 25.980764
90.000000 25.980764
90.000000 25.980764
89.166664 24.537388
89.166664 24.537388
89.166664 24.537388
90.000000 23.094011
90.000000 23.094011
90.000000 23.094011
88.333336 23.094011
88.333336 23.094011
88.333336 23.094011
87.500000 21.650635
87.500000 21.650635
87.500000 21.650635
87.500000 21.650635
87.500000 21.650635
88.333336 20.207258
88.333336 20.207258
88.333336 20.207258
90.000000 20.207258
90.000000 20.207258
90.000000 20.207258
89.166664 18.763882
89.166664 18.763882
89.166664 18.763882
90.000000 17.320505
90.000000 17.320505
90.000000 17.320505
90.000000 17.320505
90.000000 17.320505
88.333336 17.320505
88.333336 17.320505
88.333336 17.320505
87.500000 15.877130
87.500000 15.877130
87.500000 15.877130
86.666664 17.320505
86.666664 17.320505
86.666664 17.320505
85.000000 17.320505
85.000000 17.320505
85.000000 17.320505
85.000000 17.320505
85.000000 17.320505
84.166664 15.877130
84.166664 15.877130
84.166664 15.877130
85.000000 14.433754
85.000000 14.433754
85.000000 14.433754
83.333336 14.433754
83.333336 14.433754
83.333336 14.433754
82.500000 12.990378
82.500000 12.990378
82.500000 12.990378
82.500000 12.990378
82.500000 12.990378
82.500000 12.990378
82.500000 12.990378
83.333336 11.547003
83.333336 11.547003
83.333336 11.547003
85.000000 11.547003
85.000000 11.547003
85.000000 11.547003
84.166664 10.103627
84.166664 10.103627
84.166664 10.103627
85.000000 8.660252
85.000000 8.660252
85.000000 8.660252
85.000000 8.660252
85.000000 8.660252
86.666664 8.660252
86.666664 8.660252
86.666664 8.660252
87.500000 10.103627
87.500000 10.103627
87.500000 10.103627
88.333336 8.660252
88.333336 8.660252
88.333336 8.660252
90.000000 8.660252
90.000000 8.660252
90.000000 8.660252
90.000000 8.660252
90.000000 8.660252
89.166664 7.216876
89.166664 7.216876
89.166664 7.216876
90.000000 5.773500
90.000000 5.773500
90.000000 5.773500
88.333336 5.773500
88.333336 5.773500
88.333336 5.773500
87.500000 4.330125
87.500000 4.330125
87.500000 4.330125
87.500000 4.330125
87.500000 4.330125
88.333336 2.886749
88.333336 2.886749
88.333336 2.886749
90.000000 2.886749
90.000000 2.886749
90.000000 2.886749
89.166664 1.443374
89.166664 1.443374
89.166664 1.443374
90.000000 -0.000002
90.000000 -0.000002
90.000000 -0.000002
90.000000 -0.000002
90.000000 -0.000002
90.000000 -0.000002
90.000000 -0.000002
90.000000 -0.000002
90.000000 -0.000002
91.666664 -0.000002
91.666664 -0.000002
91.666664 -0.000002
92.500000 1.443374
92.500000 1.443374
92.500000 1.443374
93.333336 -0.000002
93.333336 -0.000002
93.333336 -0.000002
95.000000 -0.000002
95.000000 -0.000002
95.000000 -0.000002
95.000000 -0.000002
95.000000 -0.000002
95.833336 1.443374
95.833336 1.443374
95.833336 1.443374
95.000000 2.886749
95.000000 2.886749
95.000000 2.886749
96.666664 2.886749
96.666664 2.886749
96.666664 2.886749
97.500000 4.330125
97.500000 4.330125
97.500000 4.330125
97.500000 4.330125
97.500000 4.330125
98.333336 2.886749
98.333336 2.886749
98.333336 2.886749
100.000000 2.886749
100.000000 2.886749
100.000000 2.886749
99.166664 1.443374
99.166664 1.443374
99.166664 1.443374
100.000000 -0.000002
100.000000 -0.000002
100.000000 -0.000002
100.000000 -0.000002
100.000000 -0.000002
101.666664 -0.000002
101.666664 -0.000002
101.666664 -0.000002
102.500000 1.443374
102.500000 1.443374
102.500000 1.443374
103.333336 -0.000002
103.333336 -0.000002
103.333336 -0.000002
105.000000 -0.000002
105.000000 -0.000002
105.000000 -0.000002
105.000000 -0.000002
105.000000 -0.000002
105.000000 -0.000002
105.000000 -0.000002
105.833336 1.443374
105.833336 1.443374
105.833336 1.443374
105.000000 2.886749
105.000000 2.886749
105.000000 2.886749
106.666664 2.886749
106.666664 2.886749
106.666664 2.886749
107.500000 4.330125
107.500000 4.330125
107.500000 4.330125
107.500000 4.330125
107.500000 4.330125
106.666664 5.773500
106.666664 5.773500
106.666664 5.773500
105.000000 5.773500
105.000000 5.773500
105.000000 5.773500
105.833336 7.216876
105.833336 7.216876
105.833336 7.216876
105.000000 8.660252
105.000000 8.660252
105.000000 8.660252
105.000000 8.660252
105.000000 8.660252
106.666664 8.660252
106.666664 8.660252
106.666664 8.660252
107.500000 10.103627
107.500000 10.103627
107.500000 10.103627
108.333336 8.660252
108.333336 8.660252
108.333336 8.660252
110.000000 8.660252
110.000000 8.660252
110.000000 8.660252
110.000000 8.660252
110.000000 8.660252
110.833336 10.103627
110.833336 10.103627
110.833336 10.103627
110.000000 11.547003
110.000000 11.547003
110.000000 11.547003
111.666664 11.547003
111.666664 11.547003
111.666664 11.547003
112.500000 12.990378
112.500000 12.990378
112.500000 12.990378
112.500000 12.990378
112.500000 12.990378
112.500000 12.990378
112.500000 12.990378
113.333336 11.547003
113.333336 11.547003
113.333336 11.547003
115.000000 11.547003
115.000000 11.547003
115.000000 11.547003
114.166664 10.103627
114.166664 10.103627
114.166664 10.103627
115.000000 8.660252
115.000000 8.660252
115.000000 8.660252
115.000000 8.660252
115.000000 8.660252
116.666664 8.660252
116.666664 8.660252
116.666664 8.660252
117.500000 10.103627
117.500000 10.103627
117.500000 10.103627
118.333336 8.660252
118.333336 8.660252
118.333336 8.660252
120.000000 8.660252
120.000000 8.660252
120.000000 8.660252
120.000000 8.660252
120.000000 8.660252
119.166664 7.216876
119.166664 7.216876
119.166664 7.216876
120.000000 5.773500
120.000000 5.773500
120.000000 5.773500
118.333336 5.773500
118.333336 5.773500
118.333336 5.773500
117.500000 4.330125
117.500000 4.330125
117.500000 4.330125
117.500000 4.330125
117.500000 4.330125
118.333336 2.886749
118.333336 2.886749
118.333336 2.886749
120.000000 2.886749
120.000000 2.886749
120.000000 2.886749
119.166664 1.443374
119.166664 1.443374
119.166664 1.443374
120.000000 -0.000002
120.000000 -0.000002
120.000000 -0.000002
120.000000 -0.000002
120.000000 -0.000002
120.000000 -0.000002
120.000000 -0.000002
121.666664 -0.000002
121.666664 -0.000002
121.666664 -0.000002
122.500000 1.443374
122.500000 1.443374
122.500000 1.443374
123.333336 -0.000002
123.333336 -0.000002
123.333336 -0.000002
125.000000 -0.000002
125.000000 -0.000002
125.000000 -0.000002
125.000000 -0.000002
125.000000 -0.000002
125.833336 1.443374
125.833336 1.443374
125.833336 1.443374
125.000000 2.886749
125.000000 2.886749
125.000000 2.886749
126.666664 2.886749
126.666664 2.886749
126.666664 2.886749
127.500000 4.330125
127.500000 4.330125
127.500000 4.330125
127.500000 4.330125
127.500000 4.330125
128.333328 2.886749
128.333328 2.886749
128.333328 2.886749
130.000000 2.886749
130.000000 2.886749
130.000000 2.886749
129.166672 1.443374
129.166672 1.443374
129.166672 1.443374
130.000000 -0.000002
130.000000 -0.000002
130.000000 -0.000002
130.000000 -0.000002
130.000000 -0.000002
131.666672 -0.000002
131.666672 -0.000002
131.666672 -0.000002
132.500000 1.443374
132.500000 1.443374
132.500000 1.443374
133.333328 -0.000002
133.333328 -0.000002
133.333328 -0.000002
135.000000 -0.000002
135.000000 -0.000002
135.000000 -0.000002
135.000000 -0.000002
135.000000 -0.000002
